-7.171033e+001
1.027606e+002
1.546404e+002
8.113566e+001
8.250626e+001
1.948927e+002
7.911933e+001
1.261121e+002
3.038416e+002
2.853290e+002
1.655801e+002
2.055190e+002
2.117776e+002
1.992532e+002
1.850413e+002
9.252946e+001
1.503979e+002
2.949552e+002
1.594553e+002
1.938613e+002
5.004105e+002
2.158938e+002
2.221754e+002
2.330790e+002
4.707059e+002
3.703402e+002
5.364241e+002
2.289133e+002
4.925875e+002
2.964793e+002
6.413967e+002
5.553896e+002
4.236375e+002
4.264965e+002
4.027831e+002
5.472367e+002
6.177872e+002
2.053256e+002
3.743584e+002
2.881389e+002
3.238056e+002
4.055439e+002
4.503786e+002
8.453476e+001
-1.119927e+002
8.329399e+001
1.663238e+002
1.848848e+001
2.548569e+002
-3.427837e+002
-2.167613e+002
-8.821236e+001
-1.134713e+002
-4.596539e+001
5.796699e+002
-7.226775e+001
-6.760914e+001
-1.145351e+001
-2.389226e+001
5.650326e+002
-8.578742e+001
-5.893298e+001
6.326509e+001
5.944489e+000
1.525484e+001
-5.167190e+001
9.342027e+000
-6.646324e+001
