
41.565625
212.69348958333333
378.15807291666687
427.03880208333345
532.1675781249997
597.6601562499998
678.0911458333331
924.7005208333331
1094.497916666667
1094.497916666667
1167.127604166667
1216.338541666667
1352.9453124999998
1465.3958333333333
1602.5989583333333
1694.6145833333333
1940.9895833333337
2271.6249999999995
2421.1484375
2409.1770833333326
2570.161458333333
2716.364583333333
3139.4479166666665
3139.4479166666665
3139.4479166666665
3139.4479166666665
3139.4479166666665
3139.4479166666665
3139.4479166666665
3139.4479166666665
3139.4479166666665
3139.4479166666665
3139.4479166666665
3139.4479166666665
3139.4479166666665
3139.4479166666665
3139.4479166666665
3139.4479166666665
3139.4479166666665
3139.4479166666665
3139.4479166666665
3139.4479166666665
3139.4479166666665
3139.4479166666665
3139.4479166666665
3139.4479166666665
3139.4479166666665
3139.4479166666665
3139.4479166666665
3139.4479166666665
3139.4479166666665
3139.4479166666665
3139.4479166666665
3139.4479166666665
3139.4479166666665
3139.4479166666665
3139.4479166666665
3139.4479166666665
3139.4479166666665
3139.4479166666665
3139.4479166666665
3139.4479166666665
3139.4479166666665
3139.4479166666665
3139.4479166666665
3139.4479166666665
3139.4479166666665
3139.4479166666665
3139.4479166666665
3139.4479166666665
3139.4479166666665
3139.4479166666665
3139.4479166666665

******************Done!*********************
(0 0 ((0 273)) ((5 49) (6 910) (5 14) (6 3185) (0 2103) (0 629) (0 2165) (0 2213) (0 2085) (0 2261) (0 237) (0 2219)))


Start Loop

 0  .|+   0
 0  +|.   0        0.052083333333333336
 0  .|+   0


 0  .|+   0
 0  +|.   0        0.10416666666666667
 0  .|+   0


 0  .|+   0
 0  +|.   0        0.20833333333333334
 0  .|+   0


 0  .|+   0
 0  +|.   0        0.4166666666666667
 0  .|+   0


 0  .|+   0
 0  +|.   0        0.4166666666666667
 0  .|+   0


 0  +|    2
 2   |+   0        1.25
 0  +|    2


 0  +|    4
 4   |+   0        2.5
 0  +|    4


 0  +|    6
 6   |+   0        5.0
 0  +|    6


 0  +|    9
 9   |+   0        10.0
 0  +|    9


 0  +|   11
11   |+   0        10.0
 0  +|   11


 0  +|   13
13   |+   0        10.0
 0  +|   13


 0  +|   11
11   |+   0        10.0
 0  +|   11


 0  +|    9
 9   |+   0        10.0
 0  +|    9


 0  +|    6
 6   |+   0        10.0
 0  +|    6


 0  +|    4
 4   |+   0        10.0
 0  +|    4


 0  +|    2
 2   |+   0        10.0
 0  +|    2


 2   |+   0
 0  +|    2        1.25
 2   |+   0


 4   |+   0
 0  +|    4        2.5
 4   |+   0


 6   |+   0
 0  +|    6        5.0
 6   |+   0


 9   |+   0
 0  +|    9        10.0
 9   |+   0


11   |+   0
 0  +|   11        10.0
11   |+   0


13   |+   0
 0  +|   13        10.0
13   |+   0


11   |+   0
 0  +|   11        10.0
11   |+   0


 9   |+   0
 0  +|    9        10.0
 9   |+   0


 6   |+   0
 0  +|    6        10.0
 6   |+   0


 4   |+   0
 0  +|    4        10.0
 4   |+   0


 2   |+   0
 0  +|    2        7.25
 2   |+   0


 0  +|    2
 2   |+   0        1.25
 0  +|    2


 0  +|    4
 4   |+   0        2.5
 0  +|    4


 0  +|    6
 6   |+   0        5.0
 0  +|    6


 0  +|    9
 9   |+   0        10.0
 0  +|    9


 0  +|   11
11   |+   0        10.0
 0  +|   11


 0  +|   13
13   |+   0        10.0
 0  +|   13


 0  +|   11
11   |+   0        10.0
 0  +|   11


 0  +|    9
 9   |+   0        10.0
 0  +|    9


 0  +|    6
 6   |+   0        10.0
 0  +|    6


 0  +|    4
 4   |+   0        10.0
 0  +|    4


 0  +|    2
 2   |+   0        10.0
 0  +|    2


 2   |+   0
 0  +|    2        1.25
 2   |+   0


 4   |+   0
 0  +|    4        2.5
 4   |+   0


 6   |+   0
 0  +|    6        5.0
 6   |+   0


 9   |+   0
 0  +|    9        10.0
 9   |+   0


11   |+   0
 0  +|   11        10.0
11   |+   0


13   |+   0
 0  +|   13        10.0
13   |+   0


11   |+   0
 0  +|   11        10.0
11   |+   0


 9   |+   0
 0  +|    9        10.0
 9   |+   0


 6   |+   0
 0  +|    6        10.0
 6   |+   0


 4   |+   0
 0  +|    4        10.0
 4   |+   0


 2   |+   0
 0  +|    2        7.25
 2   |+   0


 0  +|    2
 2   |+   0        1.25
 0  +|    2


 0  +|    4
 4   |+   0        2.5
 0  +|    4


 0  +|    6
 6   |+   0        5.0
 0  +|    6


 0  +|    9
 9   |+   0        10.0
 0  +|    9


 0  +|   11
11   |+   0        10.0
 0  +|   11


 0  +|   13
13   |+   0        10.0
 0  +|   13


 0  +|   11
11   |+   0        10.0
 0  +|   11


 0  +|    9
 9   |+   0        10.0
 0  +|    9


 0  +|    6
 6   |+   0        10.0
 0  +|    6


 0  +|    4
 4   |+   0        10.0
 0  +|    4


 0  +|    2
 2   |+   0        10.0
 0  +|    2


 2   |+   0
 0  +|    2        1.25
 2   |+   0


 4   |+   0
 0  +|    4        2.5
 4   |+   0


 6   |+   0
 0  +|    6        5.0
 6   |+   0


 9   |+   0
 0  +|    9        10.0
 9   |+   0


11   |+   0
 0  +|   11        10.0
11   |+   0


13   |+   0
 0  +|   13        10.0
13   |+   0


11   |+   0
 0  +|   11        10.0
11   |+   0


 9   |+   0
 0  +|    9        10.0
 9   |+   0


 6   |+   0
 0  +|    6        10.0
 6   |+   0


 4   |+   0
 0  +|    4        10.0
 4   |+   0


 2   |+   0
 0  +|    2        7.25
 2   |+   0


 0  +|    2
 2   |+   0        1.25
 0  +|    2


 0  +|    4
 4   |+   0        2.5
 0  +|    4


 0  +|    6
 6   |+   0        5.0
 0  +|    6


 0  +|    9
 9   |+   0        10.0
 0  +|    9


 0  +|   11
11   |+   0        10.0
 0  +|   11


 0  +|   13
13   |+   0        10.0
 0  +|   13


 0  +|   11
11   |+   0        10.0
 0  +|   11


 0  +|    9
 9   |+   0        10.0
 0  +|    9


 0  +|    6
 6   |+   0        10.0
 0  +|    6


 0  +|    4
 4   |+   0        10.0
 0  +|    4


 0  +|    2
 2   |+   0        10.0
 0  +|    2


 2   |+   0
 0  +|    2        1.25
 2   |+   0


 4   |+   0
 0  +|    4        2.5
 4   |+   0


 6   |+   0
 0  +|    6        5.0
 6   |+   0


 9   |+   0
 0  +|    9        10.0
 9   |+   0


11   |+   0
 0  +|   11        10.0
11   |+   0


13   |+   0
 0  +|   13        10.0
13   |+   0


11   |+   0
 0  +|   11        10.0
11   |+   0


 9   |+   0
 0  +|    9        10.0
 9   |+   0


 6   |+   0
 0  +|    6        10.0
 6   |+   0


 4   |+   0
 0  +|    4        10.0
 4   |+   0


 2   |+   0
 0  +|    2        7.25
 2   |+   0


 0  +|    2
 2   |+   0        1.25
 0  +|    2


 0  +|    4
 4   |+   0        2.5
 0  +|    4


 0  +|    6
 6   |+   0        5.0
 0  +|    6


 0  +|    9
 9   |+   0        10.0
 0  +|    9


 0  +|   11
11   |+   0        10.0
 0  +|   11


 0  +|   13
13   |+   0        10.0
 0  +|   13


 0  +|   11
11   |+   0        10.0
 0  +|   11


 0  +|    9
 9   |+   0        10.0
 0  +|    9


 0  +|    6
 6   |+   0        10.0
 0  +|    6


 0  +|    4
 4   |+   0        10.0
 0  +|    4


 0  +|    2
 2   |+   0        10.0
 0  +|    2


 2   |+   0
 0  +|    2        1.25
 2   |+   0


 4   |+   0
 0  +|    4        2.5
 4   |+   0


 6   |+   0
 0  +|    6        5.0
 6   |+   0


 9   |+   0
 0  +|    9        10.0
 9   |+   0


11   |+   0
 0  +|   11        10.0
11   |+   0


13   |+   0
 0  +|   13        10.0
13   |+   0


11   |+   0
 0  +|   11        10.0
11   |+   0


 9   |+   0
 0  +|    9        10.0
 9   |+   0


 6   |+   0
 0  +|    6        10.0
 6   |+   0


 4   |+   0
 0  +|    4        10.0
 4   |+   0


 2   |+   0
 0  +|    2        7.25
 2   |+   0


 0  +|    2
 2   |+   0        1.25
 0  +|    2


 0  +|    4
 4   |+   0        2.5
 0  +|    4


 0  +|    6
 6   |+   0        5.0
 0  +|    6


 0  +|    9
 9   |+   0        10.0
 0  +|    9


 0  +|   11
11   |+   0        10.0
 0  +|   11


 0  +|   13
13   |+   0        10.0
 0  +|   13


 0  +|   11
11   |+   0        10.0
 0  +|   11


 0  +|    9
 9   |+   0        10.0
 0  +|    9


 0  +|    6
 6   |+   0        10.0
 0  +|    6


 0  +|    4
 4   |+   0        10.0
 0  +|    4


 0  +|    2
 2   |+   0        10.0
 0  +|    2


 2   |+   0
 0  +|    2        1.25
 2   |+   0


 4   |+   0
 0  +|    4        2.5
 4   |+   0


 6   |+   0
 0  +|    6        5.0
 6   |+   0


 9   |+   0
 0  +|    9        10.0
 9   |+   0


11   |+   0
 0  +|   11        10.0
11   |+   0


13   |+   0
 0  +|   13        10.0
13   |+   0


11   |+   0
 0  +|   11        10.0
11   |+   0


 9   |+   0
 0  +|    9        10.0
 9   |+   0


 6   |+   0
 0  +|    6        10.0
 6   |+   0


 4   |+   0
 0  +|    4        10.0
 4   |+   0


 2   |+   0
 0  +|    2        7.25
 2   |+   0


 0  +|    2
 2   |+   0        1.25
 0  +|    2


 0  +|    4
 4   |+   0        2.5
 0  +|    4


 0  +|    6
 6   |+   0        5.0
 0  +|    6


 0  +|    9
 9   |+   0        10.0
 0  +|    9


 0  +|   11
11   |+   0        10.0
 0  +|   11


 0  +|   13
13   |+   0        10.0
 0  +|   13


 0  +|   11
11   |+   0        10.0
 0  +|   11


 0  +|    9
 9   |+   0        10.0
 0  +|    9


 0  +|    6
 6   |+   0        10.0
 0  +|    6


 0  +|    4
 4   |+   0        10.0
 0  +|    4


 0  +|    2
 2   |+   0        10.0
 0  +|    2


 2   |+   0
 0  +|    2        1.25
 2   |+   0


 4   |+   0
 0  +|    4        2.5
 4   |+   0


 6   |+   0
 0  +|    6        5.0
 6   |+   0


 9   |+   0
 0  +|    9        10.0
 9   |+   0


11   |+   0
 0  +|   11        10.0
11   |+   0


13   |+   0
 0  +|   13        10.0
13   |+   0


11   |+   0
 0  +|   11        10.0
11   |+   0


 9   |+   0
 0  +|    9        10.0
 9   |+   0


 6   |+   0
 0  +|    6        10.0
 6   |+   0


 4   |+   0
 0  +|    4        10.0
 4   |+   0


 2   |+   0
 0  +|    2        7.25
 2   |+   0


 0  +|    2
 2   |+   0        1.25
 0  +|    2


 0  +|    4
 4   |+   0        2.5
 0  +|    4


 0  +|    6
 6   |+   0        5.0
 0  +|    6


 0  +|    9
 9   |+   0        10.0
 0  +|    9


 0  +|   11
11   |+   0        10.0
 0  +|   11


 0  +|   13
13   |+   0        10.0
 0  +|   13


 0  +|   11
11   |+   0        10.0
 0  +|   11


 0  +|    9
 9   |+   0        10.0
 0  +|    9


 0  +|    6
 6   |+   0        10.0
 0  +|    6


 0  +|    4
 4   |+   0        10.0
 0  +|    4


 0  +|    2
 2   |+   0        10.0
 0  +|    2


 2   |+   0
 0  +|    2        1.25
 2   |+   0


 4   |+   0
 0  +|    4        2.5
 4   |+   0


 6   |+   0
 0  +|    6        5.0
 6   |+   0


 9   |+   0
 0  +|    9        10.0
 9   |+   0


11   |+   0
 0  +|   11        10.0
11   |+   0


13   |+   0
 0  +|   13        10.0
13   |+   0


11   |+   0
 0  +|   11        10.0
11   |+   0


 9   |+   0
 0  +|    9        10.0
 9   |+   0


 6   |+   0
 0  +|    6        10.0
 6   |+   0


 4   |+   0
 0  +|    4        10.0
 4   |+   0


 2   |+   0
 0  +|    2        7.25
 2   |+   0


 0  +|    2
 2   |+   0        1.25
 0  +|    2


 0  +|    4
 4   |+   0        2.5
 0  +|    4


 0  +|    6
 6   |+   0        5.0
 0  +|    6


 0  +|    9
 9   |+   0        10.0
 0  +|    9


 0  +|   11
11   |+   0        10.0
 0  +|   11


 0  +|   13
13   |+   0        10.0
 0  +|   13


 0  +|   11
11   |+   0        10.0
 0  +|   11


 0  +|    9
 9   |+   0        10.0
 0  +|    9


 0  +|    6
 6   |+   0        10.0
 0  +|    6


 0  +|    4
 4   |+   0        10.0
 0  +|    4


 0  +|    2
 2   |+   0        10.0
 0  +|    2


 2   |+   0
 0  +|    2        1.25
 2   |+   0


 4   |+   0
 0  +|    4        2.5
 4   |+   0


 6   |+   0
 0  +|    6        5.0
 6   |+   0


 9   |+   0
 0  +|    9        10.0
 9   |+   0


11   |+   0
 0  +|   11        10.0
11   |+   0


13   |+   0
 0  +|   13        10.0
13   |+   0


11   |+   0
 0  +|   11        10.0
11   |+   0


 9   |+   0
 0  +|    9        10.0
 9   |+   0


 6   |+   0
 0  +|    6        10.0
 6   |+   0


 4   |+   0
 0  +|    4        10.0
 4   |+   0


 2   |+   0
 0  +|    2        7.25
 2   |+   0


 0  +|    2
 2   |+   0        1.25
 0  +|    2


 0  +|    4
 4   |+   0        2.5
 0  +|    4


 0  +|    6
 6   |+   0        5.0
 0  +|    6


 0  +|    9
 9   |+   0        10.0
 0  +|    9


 0  +|   11
11   |+   0        10.0
 0  +|   11


 0  +|   13
13   |+   0        10.0
 0  +|   13


 0  +|   11
11   |+   0        10.0
 0  +|   11


 0  +|    9
 9   |+   0        10.0
 0  +|    9


 0  +|    6
 6   |+   0        10.0
 0  +|    6


 0  +|    4
 4   |+   0        10.0
 0  +|    4


 0  +|    2
 2   |+   0        10.0
 0  +|    2


 2   |+   0
 0  +|    2        1.25
 2   |+   0


 4   |+   0
 0  +|    4        2.5
 4   |+   0


 6   |+   0
 0  +|    6        5.0
 6   |+   0


 9   |+   0
 0  +|    9        10.0
 9   |+   0


11   |+   0
 0  +|   11        10.0
11   |+   0


13   |+   0
 0  +|   13        10.0
13   |+   0


11   |+   0
 0  +|   11        10.0
11   |+   0


 9   |+   0
 0  +|    9        10.0
 9   |+   0


 6   |+   0
 0  +|    6        10.0
 6   |+   0


 4   |+   0
 0  +|    4        10.0
 4   |+   0


 2   |+   0
 0  +|    2        7.25
 2   |+   0


 0  +|    2
 2   |+   0        1.25
 0  +|    2


 0  +|    4
 4   |+   0        2.5
 0  +|    4


 0  +|    6
 6   |+   0        5.0
 0  +|    6


 0  +|    9
 9   |+   0        10.0
 0  +|    9


 0  +|   11
11   |+   0        10.0
 0  +|   11


 0  +|   13
13   |+   0        10.0
 0  +|   13


 0  +|   11
11   |+   0        10.0
 0  +|   11


 0  +|    9
 9   |+   0        10.0
 0  +|    9


 0  +|    6
 6   |+   0        10.0
 0  +|    6


 0  +|    4
 4   |+   0        10.0
 0  +|    4


 0  +|    2
 2   |+   0        10.0
 0  +|    2


 2   |+   0
 0  +|    2        1.25
 2   |+   0


 4   |+   0
 0  +|    4        2.5
 4   |+   0


 6   |+   0
 0  +|    6        5.0
 6   |+   0


 9   |+   0
 0  +|    9        10.0
 9   |+   0


11   |+   0
 0  +|   11        10.0
11   |+   0


13   |+   0
 0  +|   13        10.0
13   |+   0


11   |+   0
 0  +|   11        10.0
11   |+   0


 9   |+   0
 0  +|    9        10.0
 9   |+   0


 6   |+   0
 0  +|    6        10.0
 6   |+   0


 4   |+   0
 0  +|    4        10.0
 4   |+   0


 2   |+   0
 0  +|    2        7.25
 2   |+   0


 0  +|    2
 2   |+   0        1.25
 0  +|    2


 0  +|    4
 4   |+   0        2.5
 0  +|    4


 0  +|    6
 6   |+   0        5.0
 0  +|    6


 0  +|    9
 9   |+   0        10.0
 0  +|    9


 0  +|   11
11   |+   0        10.0
 0  +|   11


 0  +|   13
13   |+   0        10.0
 0  +|   13


 0  +|   11
11   |+   0        10.0
 0  +|   11


 0  +|    9
 9   |+   0        10.0
 0  +|    9


 0  +|    6
 6   |+   0        10.0
 0  +|    6


 0  +|    4
 4   |+   0        10.0
 0  +|    4


 0  +|    2
 2   |+   0        10.0
 0  +|    2


 2   |+   0
 0  +|    2        1.25
 2   |+   0


 4   |+   0
 0  +|    4        2.5
 4   |+   0


 6   |+   0
 0  +|    6        5.0
 6   |+   0


 9   |+   0
 0  +|    9        10.0
 9   |+   0


11   |+   0
 0  +|   11        10.0
11   |+   0


13   |+   0
 0  +|   13        10.0
13   |+   0


11   |+   0
 0  +|   11        10.0
11   |+   0


 9   |+   0
 0  +|    9        10.0
 9   |+   0


 6   |+   0
 0  +|    6        10.0
 6   |+   0


 4   |+   0
 0  +|    4        10.0
 4   |+   0


 2   |+   0
 0  +|    2        7.25
 2   |+   0


 0  +|    2
 2   |+   0        1.25
 0  +|    2


 0  +|    4
 4   |+   0        2.5
 0  +|    4


 0  +|    6
 6   |+   0        5.0
 0  +|    6


 0  +|    9
 9   |+   0        10.0
 0  +|    9


 0  +|   11
11   |+   0        10.0
 0  +|   11


 0  +|   13
13   |+   0        10.0
 0  +|   13


 0  +|   11
11   |+   0        10.0
 0  +|   11


 0  +|    9
 9   |+   0        10.0
 0  +|    9


 0  +|    6
 6   |+   0        10.0
 0  +|    6


 0  +|    4
 4   |+   0        10.0
 0  +|    4


 0  +|    2
 2   |+   0        10.0
 0  +|    2


 2   |+   0
 0  +|    2        1.25
 2   |+   0


 4   |+   0
 0  +|    4        2.5
 4   |+   0


 6   |+   0
 0  +|    6        5.0
 6   |+   0


 9   |+   0
 0  +|    9        10.0
 9   |+   0


11   |+   0
 0  +|   11        10.0
11   |+   0


13   |+   0
 0  +|   13        10.0
13   |+   0


11   |+   0
 0  +|   11        10.0
11   |+   0


 9   |+   0
 0  +|    9        10.0
 9   |+   0


 6   |+   0
 0  +|    6        10.0
 6   |+   0


 4   |+   0
 0  +|    4        10.0
 4   |+   0


 2   |+   0
 0  +|    2        7.25
 2   |+   0


 0  +|    2
 2   |+   0        1.25
 0  +|    2


 0  +|    4
 4   |+   0        2.5
 0  +|    4


 0  +|    6
 6   |+   0        5.0
 0  +|    6


 0  +|    9
 9   |+   0        10.0
 0  +|    9


 0  +|   11
11   |+   0        10.0
 0  +|   11


 0  +|   13
13   |+   0        10.0
 0  +|   13


 0  +|   11
11   |+   0        10.0
 0  +|   11


 0  +|    9
 9   |+   0        10.0
 0  +|    9


 0  +|    6
 6   |+   0        10.0
 0  +|    6


 0  +|    4
 4   |+   0        10.0
 0  +|    4


 0  +|    2
 2   |+   0        10.0
 0  +|    2


 2   |+   0
 0  +|    2        1.25
 2   |+   0


 4   |+   0
 0  +|    4        2.5
 4   |+   0


 6   |+   0
 0  +|    6        5.0
 6   |+   0


 9   |+   0
 0  +|    9        10.0
 9   |+   0


11   |+   0
 0  +|   11        10.0
11   |+   0


13   |+   0
 0  +|   13        10.0
13   |+   0


11   |+   0
 0  +|   11        10.0
11   |+   0


 9   |+   0
 0  +|    9        10.0
 9   |+   0


 6   |+   0
 0  +|    6        10.0
 6   |+   0


 4   |+   0
 0  +|    4        10.0
 4   |+   0


 2   |+   0
 0  +|    2        7.25
 2   |+   0


 0  +|    2
 2   |+   0        1.25
 0  +|    2


 0  +|    4
 4   |+   0        2.5
 0  +|    4


 0  +|    6
 6   |+   0        5.0
 0  +|    6


 0  +|    9
 9   |+   0        10.0
 0  +|    9


 0  +|   11
11   |+   0        10.0
 0  +|   11


 0  +|   13
13   |+   0        10.0
 0  +|   13


 0  +|   11
11   |+   0        10.0
 0  +|   11


 0  +|    9
 9   |+   0        10.0
 0  +|    9


 0  +|    6
 6   |+   0        10.0
 0  +|    6


 0  +|    4
 4   |+   0        10.0
 0  +|    4


 0  +|    2
 2   |+   0        10.0
 0  +|    2


 2   |+   0
 0  +|    2        1.25
 2   |+   0


 4   |+   0
 0  +|    4        2.5
 4   |+   0


 6   |+   0
 0  +|    6        5.0
 6   |+   0


 9   |+   0
 0  +|    9        10.0
 9   |+   0


11   |+   0
 0  +|   11        10.0
11   |+   0


13   |+   0
 0  +|   13        10.0
13   |+   0


11   |+   0
 0  +|   11        10.0
11   |+   0


 9   |+   0
 0  +|    9        10.0
 9   |+   0


 6   |+   0
 0  +|    6        10.0
 6   |+   0


 4   |+   0
 0  +|    4        10.0
 4   |+   0


 2   |+   0
 0  +|    2        7.25
 2   |+   0


 0  +|    2
 2   |+   0        1.25
 0  +|    2


 0  +|    4
 4   |+   0        2.5
 0  +|    4


 0  +|    6
 6   |+   0        5.0
 0  +|    6


 0  +|    9
 9   |+   0        10.0
 0  +|    9


 0  +|   11
11   |+   0        10.0
 0  +|   11


 0  +|   13
13   |+   0        10.0
 0  +|   13


 0  +|   11
11   |+   0        10.0
 0  +|   11


 0  +|    9
 9   |+   0        10.0
 0  +|    9


 0  +|    6
 6   |+   0        10.0
 0  +|    6


 0  +|    4
 4   |+   0        10.0
 0  +|    4


 0  +|    2
 2   |+   0        10.0
 0  +|    2


 2   |+   0
 0  +|    2        1.25
 2   |+   0


 4   |+   0
 0  +|    4        2.5
 4   |+   0


 6   |+   0
 0  +|    6        5.0
 6   |+   0


 9   |+   0
 0  +|    9        10.0
 9   |+   0


11   |+   0
 0  +|   11        10.0
11   |+   0


13   |+   0
 0  +|   13        10.0
13   |+   0


11   |+   0
 0  +|   11        10.0
11   |+   0


 9   |+   0
 0  +|    9        10.0
 9   |+   0


 6   |+   0
 0  +|    6        10.0
 6   |+   0


 4   |+   0
 0  +|    4        10.0
 4   |+   0


 2   |+   0
 0  +|    2        7.25
 2   |+   0


 0  +|    2
 2   |+   0        1.25
 0  +|    2


 0  +|    4
 4   |+   0        2.5
 0  +|    4


 0  +|    6
 6   |+   0        5.0
 0  +|    6


 0  +|    9
 9   |+   0        10.0
 0  +|    9


 0  +|   11
11   |+   0        10.0
 0  +|   11


 0  +|   13
13   |+   0        10.0
 0  +|   13


 0  +|   11
11   |+   0        10.0
 0  +|   11


 0  +|    9
 9   |+   0        10.0
 0  +|    9


 0  +|    6
 6   |+   0        10.0
 0  +|    6


 0  +|    4
 4   |+   0        10.0
 0  +|    4


 0  +|    2
 2   |+   0        10.0
 0  +|    2


 2   |+   0
 0  +|    2        1.25
 2   |+   0


 4   |+   0
 0  +|    4        2.5
 4   |+   0


 6   |+   0
 0  +|    6        5.0
 6   |+   0


 9   |+   0
 0  +|    9        10.0
 9   |+   0


11   |+   0
 0  +|   11        10.0
11   |+   0


13   |+   0
 0  +|   13        10.0
13   |+   0


11   |+   0
 0  +|   11        10.0
11   |+   0


 9   |+   0
 0  +|    9        10.0
 9   |+   0


 6   |+   0
 0  +|    6        10.0
 6   |+   0


 4   |+   0
 0  +|    4        10.0
 4   |+   0


 2   |+   0
 0  +|    2        7.25
 2   |+   0


 0  +|    2
 2   |+   0        1.25
 0  +|    2


 0  +|    4
 4   |+   0        2.5
 0  +|    4


 0  +|    6
 6   |+   0        5.0
 0  +|    6


 0  +|    9
 9   |+   0        10.0
 0  +|    9


 0  +|   11
11   |+   0        10.0
 0  +|   11


 0  +|   13
13   |+   0        10.0
 0  +|   13


 0  +|   11
11   |+   0        10.0
 0  +|   11


 0  +|    9
 9   |+   0        10.0
 0  +|    9


 0  +|    6
 6   |+   0        10.0
 0  +|    6


 0  +|    4
 4   |+   0        10.0
 0  +|    4


 0  +|    2
 2   |+   0        10.0
 0  +|    2


 2   |+   0
 0  +|    2        1.25
 2   |+   0


 4   |+   0
 0  +|    4        2.5
 4   |+   0


 6   |+   0
 0  +|    6        5.0
 6   |+   0


 9   |+   0
 0  +|    9        10.0
 9   |+   0


11   |+   0
 0  +|   11        10.0
11   |+   0


13   |+   0
 0  +|   13        10.0
13   |+   0


11   |+   0
 0  +|   11        10.0
11   |+   0


 9   |+   0
 0  +|    9        10.0
 9   |+   0


 6   |+   0
 0  +|    6        10.0
 6   |+   0


 4   |+   0
 0  +|    4        10.0
 4   |+   0



Total distance traveled: 3139.4479166666665
Average distance per step: 7.848619791666667

