
46.00598958333333
178.2078125
250.84635416666669
463.59296875
516.2984375
622.9911458333332
666.5481770833334
801.7479166666668
1044.4132812500002
1155.339322916667
1240.3473958333334
1340.7546874999994
1503.0132812499996
1637.7843750000004
1685.226562500001
1785.1973958333347
1823.9755208333343
1823.9755208333343
1823.9755208333343
1324.2145833333334
1356.1166666666668
1356.1166666666668
1356.1166666666668
1356.1166666666668
1356.1166666666668
1356.1166666666668
1415.895833333333
1958.859375
1966.130208333334
1966.130208333334
1966.130208333334
1966.130208333334
1966.130208333334
1966.130208333334
1966.130208333334
1973.46875
2007.9687500000005
2007.9687500000005
2007.9687500000005
2007.9687500000005
2007.9687500000005
2007.9687500000005
2007.9687500000005
2007.9687500000005
2007.9687500000005
2007.9687500000005
2007.9687500000005
2007.9687500000005
2126.25
2186.458333333333
3113.625
3164.25
3164.25
3164.25
3164.25
3164.25
3164.25
3164.25
3164.25
3164.25
3164.25
3164.25

******************Done!*********************

Start Loop

 0  +|    2
 2   |+   0        1.25
 0  +|    2


 0  +|    4
 4   |+   0        2.5
 0  +|    4


 0  +|    6
 6   |+   0        5.0
 0  +|    6


 0  +|    9
 9   |+   0        10.0
 0  +|    9


 0  +|   11
11   |+   0        10.0
 0  +|   11


 0  +|   13
13   |+   0        10.0
 0  +|   13


 0  +|   11
11   |+   0        10.0
 0  +|   11


 0  +|    9
 9   |+   0        10.0
 0  +|    9


 0  +|    6
 6   |+   0        10.0
 0  +|    6


 0  +|    4
 4   |+   0        10.0
 0  +|    4


 0  +|    2
 2   |+   0        10.0
 0  +|    2


 2   |+   0
 0  +|    2        1.25
 2   |+   0


 4   |+   0
 0  +|    4        2.5
 4   |+   0


 6   |+   0
 0  +|    6        5.0
 6   |+   0


 9   |+   0
 0  +|    9        10.0
 9   |+   0


11   |+   0
 0  +|   11        10.0
11   |+   0


13   |+   0
 0  +|   13        10.0
13   |+   0


11   |+   0
 0  +|   11        10.0
11   |+   0


 9   |+   0
 0  +|    9        10.0
 9   |+   0


 6   |+   0
 0  +|    6        10.0
 6   |+   0


 4   |+   0
 0  +|    4        10.0
 4   |+   0


 2   |+   0
 0  +|    2        7.25
 2   |+   0


 0  +|    2
 2   |+   0        1.25
 0  +|    2


 0  +|    4
 4   |+   0        2.5
 0  +|    4


 0  +|    6
 6   |+   0        5.0
 0  +|    6


 0  +|    9
 9   |+   0        10.0
 0  +|    9


 0  +|   11
11   |+   0        10.0
 0  +|   11


 0  +|   13
13   |+   0        10.0
 0  +|   13


 0  +|   11
11   |+   0        10.0
 0  +|   11


 0  +|    9
 9   |+   0        10.0
 0  +|    9


 0  +|    6
 6   |+   0        10.0
 0  +|    6


 0  +|    4
 4   |+   0        10.0
 0  +|    4


 0  +|    2
 2   |+   0        10.0
 0  +|    2


 2   |+   0
 0  +|    2        1.25
 2   |+   0


 4   |+   0
 0  +|    4        2.5
 4   |+   0


 6   |+   0
 0  +|    6        5.0
 6   |+   0


 9   |+   0
 0  +|    9        10.0
 9   |+   0


11   |+   0
 0  +|   11        10.0
11   |+   0


13   |+   0
 0  +|   13        10.0
13   |+   0


11   |+   0
 0  +|   11        10.0
11   |+   0


 9   |+   0
 0  +|    9        10.0
 9   |+   0


 6   |+   0
 0  +|    6        10.0
 6   |+   0


 4   |+   0
 0  +|    4        10.0
 4   |+   0


 2   |+   0
 0  +|    2        7.25
 2   |+   0


 0  +|    2
 2   |+   0        1.25
 0  +|    2


 0  +|    4
 4   |+   0        2.5
 0  +|    4


 0  +|    6
 6   |+   0        5.0
 0  +|    6


 0  +|    9
 9   |+   0        10.0
 0  +|    9


 0  +|   11
11   |+   0        10.0
 0  +|   11


 0  +|   13
13   |+   0        10.0
 0  +|   13


 0  +|   11
11   |+   0        10.0
 0  +|   11


 0  +|    9
 9   |+   0        10.0
 0  +|    9


 0  +|    6
 6   |+   0        10.0
 0  +|    6


 0  +|    4
 4   |+   0        10.0
 0  +|    4


 0  +|    2
 2   |+   0        10.0
 0  +|    2


 2   |+   0
 0  +|    2        1.25
 2   |+   0


 4   |+   0
 0  +|    4        2.5
 4   |+   0


 6   |+   0
 0  +|    6        5.0
 6   |+   0


 9   |+   0
 0  +|    9        10.0
 9   |+   0


11   |+   0
 0  +|   11        10.0
11   |+   0


13   |+   0
 0  +|   13        10.0
13   |+   0


11   |+   0
 0  +|   11        10.0
11   |+   0


 9   |+   0
 0  +|    9        10.0
 9   |+   0


 6   |+   0
 0  +|    6        10.0
 6   |+   0


 4   |+   0
 0  +|    4        10.0
 4   |+   0


 2   |+   0
 0  +|    2        7.25
 2   |+   0


 0  +|    2
 2   |+   0        1.25
 0  +|    2


 0  +|    4
 4   |+   0        2.5
 0  +|    4


 0  +|    6
 6   |+   0        5.0
 0  +|    6


 0  +|    9
 9   |+   0        10.0
 0  +|    9


 0  +|   11
11   |+   0        10.0
 0  +|   11


 0  +|   13
13   |+   0        10.0
 0  +|   13


 0  +|   11
11   |+   0        10.0
 0  +|   11


 0  +|    9
 9   |+   0        10.0
 0  +|    9


 0  +|    6
 6   |+   0        10.0
 0  +|    6


 0  +|    4
 4   |+   0        10.0
 0  +|    4


 0  +|    2
 2   |+   0        10.0
 0  +|    2


 2   |+   0
 0  +|    2        1.25
 2   |+   0


 4   |+   0
 0  +|    4        2.5
 4   |+   0


 6   |+   0
 0  +|    6        5.0
 6   |+   0


 9   |+   0
 0  +|    9        10.0
 9   |+   0


11   |+   0
 0  +|   11        10.0
11   |+   0


13   |+   0
 0  +|   13        10.0
13   |+   0


11   |+   0
 0  +|   11        10.0
11   |+   0


 9   |+   0
 0  +|    9        10.0
 9   |+   0


 6   |+   0
 0  +|    6        10.0
 6   |+   0


 4   |+   0
 0  +|    4        10.0
 4   |+   0


 2   |+   0
 0  +|    2        7.25
 2   |+   0


 0  +|    2
 2   |+   0        1.25
 0  +|    2


 0  +|    4
 4   |+   0        2.5
 0  +|    4


 0  +|    6
 6   |+   0        5.0
 0  +|    6


 0  +|    9
 9   |+   0        10.0
 0  +|    9


 0  +|   11
11   |+   0        10.0
 0  +|   11


 0  +|   13
13   |+   0        10.0
 0  +|   13


 0  +|   11
11   |+   0        10.0
 0  +|   11


 0  +|    9
 9   |+   0        10.0
 0  +|    9


 0  +|    6
 6   |+   0        10.0
 0  +|    6


 0  +|    4
 4   |+   0        10.0
 0  +|    4


 0  +|    2
 2   |+   0        10.0
 0  +|    2


 2   |+   0
 0  +|    2        1.25
 2   |+   0


 4   |+   0
 0  +|    4        2.5
 4   |+   0


 6   |+   0
 0  +|    6        5.0
 6   |+   0


 9   |+   0
 0  +|    9        10.0
 9   |+   0


11   |+   0
 0  +|   11        10.0
11   |+   0


13   |+   0
 0  +|   13        10.0
13   |+   0


11   |+   0
 0  +|   11        10.0
11   |+   0


 9   |+   0
 0  +|    9        10.0
 9   |+   0


 6   |+   0
 0  +|    6        10.0
 6   |+   0


 4   |+   0
 0  +|    4        10.0
 4   |+   0


 2   |+   0
 0  +|    2        7.25
 2   |+   0


 0  +|    2
 2   |+   0        1.25
 0  +|    2


 0  +|    4
 4   |+   0        2.5
 0  +|    4


 0  +|    6
 6   |+   0        5.0
 0  +|    6


 0  +|    9
 9   |+   0        10.0
 0  +|    9


 0  +|   11
11   |+   0        10.0
 0  +|   11


 0  +|   13
13   |+   0        10.0
 0  +|   13


 0  +|   11
11   |+   0        10.0
 0  +|   11


 0  +|    9
 9   |+   0        10.0
 0  +|    9


 0  +|    6
 6   |+   0        10.0
 0  +|    6


 0  +|    4
 4   |+   0        10.0
 0  +|    4


 0  +|    2
 2   |+   0        10.0
 0  +|    2


 2   |+   0
 0  +|    2        1.25
 2   |+   0


 4   |+   0
 0  +|    4        2.5
 4   |+   0


 6   |+   0
 0  +|    6        5.0
 6   |+   0


 9   |+   0
 0  +|    9        10.0
 9   |+   0


11   |+   0
 0  +|   11        10.0
11   |+   0


13   |+   0
 0  +|   13        10.0
13   |+   0


11   |+   0
 0  +|   11        10.0
11   |+   0


 9   |+   0
 0  +|    9        10.0
 9   |+   0


 6   |+   0
 0  +|    6        10.0
 6   |+   0


 4   |+   0
 0  +|    4        10.0
 4   |+   0


 2   |+   0
 0  +|    2        7.25
 2   |+   0


 0  +|    2
 2   |+   0        1.25
 0  +|    2


 0  +|    4
 4   |+   0        2.5
 0  +|    4


 0  +|    6
 6   |+   0        5.0
 0  +|    6


 0  +|    9
 9   |+   0        10.0
 0  +|    9


 0  +|   11
11   |+   0        10.0
 0  +|   11


 0  +|   13
13   |+   0        10.0
 0  +|   13


 0  +|   11
11   |+   0        10.0
 0  +|   11


 0  +|    9
 9   |+   0        10.0
 0  +|    9


 0  +|    6
 6   |+   0        10.0
 0  +|    6


 0  +|    4
 4   |+   0        10.0
 0  +|    4


 0  +|    2
 2   |+   0        10.0
 0  +|    2


 2   |+   0
 0  +|    2        1.25
 2   |+   0


 4   |+   0
 0  +|    4        2.5
 4   |+   0


 6   |+   0
 0  +|    6        5.0
 6   |+   0


 9   |+   0
 0  +|    9        10.0
 9   |+   0


11   |+   0
 0  +|   11        10.0
11   |+   0


13   |+   0
 0  +|   13        10.0
13   |+   0


11   |+   0
 0  +|   11        10.0
11   |+   0


 9   |+   0
 0  +|    9        10.0
 9   |+   0


 6   |+   0
 0  +|    6        10.0
 6   |+   0


 4   |+   0
 0  +|    4        10.0
 4   |+   0


 2   |+   0
 0  +|    2        7.25
 2   |+   0


 0  +|    2
 2   |+   0        1.25
 0  +|    2


 0  +|    4
 4   |+   0        2.5
 0  +|    4


 0  +|    6
 6   |+   0        5.0
 0  +|    6


 0  +|    9
 9   |+   0        10.0
 0  +|    9


 0  +|   11
11   |+   0        10.0
 0  +|   11


 0  +|   13
13   |+   0        10.0
 0  +|   13


 0  +|   11
11   |+   0        10.0
 0  +|   11


 0  +|    9
 9   |+   0        10.0
 0  +|    9


 0  +|    6
 6   |+   0        10.0
 0  +|    6


 0  +|    4
 4   |+   0        10.0
 0  +|    4


 0  +|    2
 2   |+   0        10.0
 0  +|    2


 2   |+   0
 0  +|    2        1.25
 2   |+   0


 4   |+   0
 0  +|    4        2.5
 4   |+   0


 6   |+   0
 0  +|    6        5.0
 6   |+   0


 9   |+   0
 0  +|    9        10.0
 9   |+   0


11   |+   0
 0  +|   11        10.0
11   |+   0


13   |+   0
 0  +|   13        10.0
13   |+   0


11   |+   0
 0  +|   11        10.0
11   |+   0


 9   |+   0
 0  +|    9        10.0
 9   |+   0


 6   |+   0
 0  +|    6        10.0
 6   |+   0


 4   |+   0
 0  +|    4        10.0
 4   |+   0


 2   |+   0
 0  +|    2        7.25
 2   |+   0


 0  +|    2
 2   |+   0        1.25
 0  +|    2


 0  +|    4
 4   |+   0        2.5
 0  +|    4


 0  +|    6
 6   |+   0        5.0
 0  +|    6


 0  +|    9
 9   |+   0        10.0
 0  +|    9


 0  +|   11
11   |+   0        10.0
 0  +|   11


 0  +|   13
13   |+   0        10.0
 0  +|   13


 0  +|   11
11   |+   0        10.0
 0  +|   11


 0  +|    9
 9   |+   0        10.0
 0  +|    9


 0  +|    6
 6   |+   0        10.0
 0  +|    6


 0  +|    4
 4   |+   0        10.0
 0  +|    4


 0  +|    2
 2   |+   0        10.0
 0  +|    2


 2   |+   0
 0  +|    2        1.25
 2   |+   0


 4   |+   0
 0  +|    4        2.5
 4   |+   0


 6   |+   0
 0  +|    6        5.0
 6   |+   0


 9   |+   0
 0  +|    9        10.0
 9   |+   0


11   |+   0
 0  +|   11        10.0
11   |+   0


13   |+   0
 0  +|   13        10.0
13   |+   0


11   |+   0
 0  +|   11        10.0
11   |+   0


 9   |+   0
 0  +|    9        10.0
 9   |+   0


 6   |+   0
 0  +|    6        10.0
 6   |+   0


 4   |+   0
 0  +|    4        10.0
 4   |+   0


 2   |+   0
 0  +|    2        7.25
 2   |+   0


 0  +|    2
 2   |+   0        1.25
 0  +|    2


 0  +|    4
 4   |+   0        2.5
 0  +|    4


 0  +|    6
 6   |+   0        5.0
 0  +|    6


 0  +|    9
 9   |+   0        10.0
 0  +|    9


 0  +|   11
11   |+   0        10.0
 0  +|   11


 0  +|   13
13   |+   0        10.0
 0  +|   13


 0  +|   11
11   |+   0        10.0
 0  +|   11


 0  +|    9
 9   |+   0        10.0
 0  +|    9


 0  +|    6
 6   |+   0        10.0
 0  +|    6


 0  +|    4
 4   |+   0        10.0
 0  +|    4


 0  +|    2
 2   |+   0        10.0
 0  +|    2


 2   |+   0
 0  +|    2        1.25
 2   |+   0


 4   |+   0
 0  +|    4        2.5
 4   |+   0


 6   |+   0
 0  +|    6        5.0
 6   |+   0


 9   |+   0
 0  +|    9        10.0
 9   |+   0


11   |+   0
 0  +|   11        10.0
11   |+   0


13   |+   0
 0  +|   13        10.0
13   |+   0


11   |+   0
 0  +|   11        10.0
11   |+   0


 9   |+   0
 0  +|    9        10.0
 9   |+   0


 6   |+   0
 0  +|    6        10.0
 6   |+   0


 4   |+   0
 0  +|    4        10.0
 4   |+   0


 2   |+   0
 0  +|    2        7.25
 2   |+   0


 0  +|    2
 2   |+   0        1.25
 0  +|    2


 0  +|    4
 4   |+   0        2.5
 0  +|    4


 0  +|    6
 6   |+   0        5.0
 0  +|    6


 0  +|    9
 9   |+   0        10.0
 0  +|    9


 0  +|   11
11   |+   0        10.0
 0  +|   11


 0  +|   13
13   |+   0        10.0
 0  +|   13


 0  +|   11
11   |+   0        10.0
 0  +|   11


 0  +|    9
 9   |+   0        10.0
 0  +|    9


 0  +|    6
 6   |+   0        10.0
 0  +|    6


 0  +|    4
 4   |+   0        10.0
 0  +|    4


 0  +|    2
 2   |+   0        10.0
 0  +|    2


 2   |+   0
 0  +|    2        1.25
 2   |+   0


 4   |+   0
 0  +|    4        2.5
 4   |+   0


 6   |+   0
 0  +|    6        5.0
 6   |+   0


 9   |+   0
 0  +|    9        10.0
 9   |+   0


11   |+   0
 0  +|   11        10.0
11   |+   0


13   |+   0
 0  +|   13        10.0
13   |+   0


11   |+   0
 0  +|   11        10.0
11   |+   0


 9   |+   0
 0  +|    9        10.0
 9   |+   0


 6   |+   0
 0  +|    6        10.0
 6   |+   0


 4   |+   0
 0  +|    4        10.0
 4   |+   0


 2   |+   0
 0  +|    2        7.25
 2   |+   0


 0  +|    2
 2   |+   0        1.25
 0  +|    2


 0  +|    4
 4   |+   0        2.5
 0  +|    4


 0  +|    6
 6   |+   0        5.0
 0  +|    6


 0  +|    9
 9   |+   0        10.0
 0  +|    9


 0  +|   11
11   |+   0        10.0
 0  +|   11


 0  +|   13
13   |+   0        10.0
 0  +|   13


 0  +|   11
11   |+   0        10.0
 0  +|   11


 0  +|    9
 9   |+   0        10.0
 0  +|    9


 0  +|    6
 6   |+   0        10.0
 0  +|    6


 0  +|    4
 4   |+   0        10.0
 0  +|    4


 0  +|    2
 2   |+   0        10.0
 0  +|    2


 2   |+   0
 0  +|    2        1.25
 2   |+   0


 4   |+   0
 0  +|    4        2.5
 4   |+   0


 6   |+   0
 0  +|    6        5.0
 6   |+   0


 9   |+   0
 0  +|    9        10.0
 9   |+   0


11   |+   0
 0  +|   11        10.0
11   |+   0


13   |+   0
 0  +|   13        10.0
13   |+   0


11   |+   0
 0  +|   11        10.0
11   |+   0


 9   |+   0
 0  +|    9        10.0
 9   |+   0


 6   |+   0
 0  +|    6        10.0
 6   |+   0


 4   |+   0
 0  +|    4        10.0
 4   |+   0


 2   |+   0
 0  +|    2        7.25
 2   |+   0


 0  +|    2
 2   |+   0        1.25
 0  +|    2


 0  +|    4
 4   |+   0        2.5
 0  +|    4


 0  +|    6
 6   |+   0        5.0
 0  +|    6


 0  +|    9
 9   |+   0        10.0
 0  +|    9


 0  +|   11
11   |+   0        10.0
 0  +|   11


 0  +|   13
13   |+   0        10.0
 0  +|   13


 0  +|   11
11   |+   0        10.0
 0  +|   11


 0  +|    9
 9   |+   0        10.0
 0  +|    9


 0  +|    6
 6   |+   0        10.0
 0  +|    6


 0  +|    4
 4   |+   0        10.0
 0  +|    4


 0  +|    2
 2   |+   0        10.0
 0  +|    2


 2   |+   0
 0  +|    2        1.25
 2   |+   0


 4   |+   0
 0  +|    4        2.5
 4   |+   0


 6   |+   0
 0  +|    6        5.0
 6   |+   0


 9   |+   0
 0  +|    9        10.0
 9   |+   0


11   |+   0
 0  +|   11        10.0
11   |+   0


13   |+   0
 0  +|   13        10.0
13   |+   0


11   |+   0
 0  +|   11        10.0
11   |+   0


 9   |+   0
 0  +|    9        10.0
 9   |+   0


 6   |+   0
 0  +|    6        10.0
 6   |+   0


 4   |+   0
 0  +|    4        10.0
 4   |+   0


 2   |+   0
 0  +|    2        7.25
 2   |+   0


 0  +|    2
 2   |+   0        1.25
 0  +|    2


 0  +|    4
 4   |+   0        2.5
 0  +|    4


 0  +|    6
 6   |+   0        5.0
 0  +|    6


 0  +|    9
 9   |+   0        10.0
 0  +|    9


 0  +|   11
11   |+   0        10.0
 0  +|   11


 0  +|   13
13   |+   0        10.0
 0  +|   13


 0  +|   11
11   |+   0        10.0
 0  +|   11


 0  +|    9
 9   |+   0        10.0
 0  +|    9


 0  +|    6
 6   |+   0        10.0
 0  +|    6


 0  +|    4
 4   |+   0        10.0
 0  +|    4


 0  +|    2
 2   |+   0        10.0
 0  +|    2


 2   |+   0
 0  +|    2        1.25
 2   |+   0


 4   |+   0
 0  +|    4        2.5
 4   |+   0


 6   |+   0
 0  +|    6        5.0
 6   |+   0


 9   |+   0
 0  +|    9        10.0
 9   |+   0


11   |+   0
 0  +|   11        10.0
11   |+   0


13   |+   0
 0  +|   13        10.0
13   |+   0


11   |+   0
 0  +|   11        10.0
11   |+   0


 9   |+   0
 0  +|    9        10.0
 9   |+   0


 6   |+   0
 0  +|    6        10.0
 6   |+   0


 4   |+   0
 0  +|    4        10.0
 4   |+   0


 2   |+   0
 0  +|    2        7.25
 2   |+   0


 0  +|    2
 2   |+   0        1.25
 0  +|    2


 0  +|    4
 4   |+   0        2.5
 0  +|    4


 0  +|    6
 6   |+   0        5.0
 0  +|    6


 0  +|    9
 9   |+   0        10.0
 0  +|    9


 0  +|   11
11   |+   0        10.0
 0  +|   11


 0  +|   13
13   |+   0        10.0
 0  +|   13


 0  +|   11
11   |+   0        10.0
 0  +|   11


 0  +|    9
 9   |+   0        10.0
 0  +|    9


 0  +|    6
 6   |+   0        10.0
 0  +|    6


 0  +|    4
 4   |+   0        10.0
 0  +|    4


 0  +|    2
 2   |+   0        10.0
 0  +|    2


 2   |+   0
 0  +|    2        1.25
 2   |+   0


 4   |+   0
 0  +|    4        2.5
 4   |+   0


 6   |+   0
 0  +|    6        5.0
 6   |+   0


 9   |+   0
 0  +|    9        10.0
 9   |+   0


11   |+   0
 0  +|   11        10.0
11   |+   0


13   |+   0
 0  +|   13        10.0
13   |+   0


11   |+   0
 0  +|   11        10.0
11   |+   0


 9   |+   0
 0  +|    9        10.0
 9   |+   0


 6   |+   0
 0  +|    6        10.0
 6   |+   0


 4   |+   0
 0  +|    4        10.0
 4   |+   0


 2   |+   0
 0  +|    2        7.25
 2   |+   0


 0  +|    2
 2   |+   0        1.25
 0  +|    2


 0  +|    4
 4   |+   0        2.5
 0  +|    4


 0  +|    6
 6   |+   0        5.0
 0  +|    6


 0  +|    9
 9   |+   0        10.0
 0  +|    9


 0  +|   11
11   |+   0        10.0
 0  +|   11


 0  +|   13
13   |+   0        10.0
 0  +|   13


 0  +|   11
11   |+   0        10.0
 0  +|   11


 0  +|    9
 9   |+   0        10.0
 0  +|    9


 0  +|    6
 6   |+   0        10.0
 0  +|    6


 0  +|    4
 4   |+   0        10.0
 0  +|    4


 0  +|    2
 2   |+   0        10.0
 0  +|    2


 2   |+   0
 0  +|    2        1.25
 2   |+   0


 4   |+   0
 0  +|    4        2.5
 4   |+   0


 6   |+   0
 0  +|    6        5.0
 6   |+   0


 9   |+   0
 0  +|    9        10.0
 9   |+   0


11   |+   0
 0  +|   11        10.0
11   |+   0


13   |+   0
 0  +|   13        10.0
13   |+   0


11   |+   0
 0  +|   11        10.0
11   |+   0


 9   |+   0
 0  +|    9        10.0
 9   |+   0


 6   |+   0
 0  +|    6        10.0
 6   |+   0


 4   |+   0
 0  +|    4        10.0
 4   |+   0


 2   |+   0
 0  +|    2        7.25
 2   |+   0


 0  +|    2
 2   |+   0        1.25
 0  +|    2


 0  +|    4
 4   |+   0        2.5
 0  +|    4


 0  +|    6
 6   |+   0        5.0
 0  +|    6


 0  +|    9
 9   |+   0        10.0
 0  +|    9


 0  +|   11
11   |+   0        10.0
 0  +|   11


 0  +|   13
13   |+   0        10.0
 0  +|   13


 0  +|   11
11   |+   0        10.0
 0  +|   11


 0  +|    9
 9   |+   0        10.0
 0  +|    9


 0  +|    6
 6   |+   0        10.0
 0  +|    6


 0  +|    4
 4   |+   0        10.0
 0  +|    4


 0  +|    2
 2   |+   0        10.0
 0  +|    2


 2   |+   0
 0  +|    2        1.25
 2   |+   0


 4   |+   0
 0  +|    4        2.5
 4   |+   0


 6   |+   0
 0  +|    6        5.0
 6   |+   0


 9   |+   0
 0  +|    9        10.0
 9   |+   0


11   |+   0
 0  +|   11        10.0
11   |+   0


13   |+   0
 0  +|   13        10.0
13   |+   0


11   |+   0
 0  +|   11        10.0
11   |+   0


 9   |+   0
 0  +|    9        10.0
 9   |+   0


 6   |+   0
 0  +|    6        10.0
 6   |+   0


 4   |+   0
 0  +|    4        10.0
 4   |+   0


 2   |+   0
 0  +|    2        7.25
 2   |+   0


 0  +|    2
 2   |+   0        1.25
 0  +|    2


 0  +|    4
 4   |+   0        2.5
 0  +|    4


 0  +|    6
 6   |+   0        5.0
 0  +|    6


 0  +|    9
 9   |+   0        10.0
 0  +|    9


 0  +|   11
11   |+   0        10.0
 0  +|   11


 0  +|   13
13   |+   0        10.0
 0  +|   13


 0  +|   11
11   |+   0        10.0
 0  +|   11


 0  +|    9
 9   |+   0        10.0
 0  +|    9


 0  +|    6
 6   |+   0        10.0
 0  +|    6


 0  +|    4
 4   |+   0        10.0
 0  +|    4


 0  +|    2
 2   |+   0        10.0
 0  +|    2


 2   |+   0
 0  +|    2        1.25
 2   |+   0


 4   |+   0
 0  +|    4        2.5
 4   |+   0


 6   |+   0
 0  +|    6        5.0
 6   |+   0


 9   |+   0
 0  +|    9        10.0
 9   |+   0


11   |+   0
 0  +|   11        10.0
11   |+   0


13   |+   0
 0  +|   13        10.0
13   |+   0


11   |+   0
 0  +|   11        10.0
11   |+   0


 9   |+   0
 0  +|    9        10.0
 9   |+   0


 6   |+   0
 0  +|    6        10.0
 6   |+   0


 4   |+   0
 0  +|    4        10.0
 4   |+   0


 2   |+   0
 0  +|    2        7.25
 2   |+   0


 0  +|    2
 2   |+   0        1.25
 0  +|    2


 0  +|    4
 4   |+   0        2.5
 0  +|    4


 0  +|    6
 6   |+   0        5.0
 0  +|    6


 0  +|    9
 9   |+   0        10.0
 0  +|    9



Total distance traveled: 3164.25
Average distance per step: 7.910625

